(kicad_pcb (version 20190605) (host pcbnew "6.0.0-unknown-3514473~86~ubuntu18.04.1")

  (general
    (thickness 1.6)
    (drawings 6)
    (tracks 170)
    (modules 21)
    (nets 23)
  )

  (page "A4")
  (layers
    (0 "F.Cu" signal)
    (31 "B.Cu" signal)
    (32 "B.Adhes" user)
    (33 "F.Adhes" user)
    (34 "B.Paste" user)
    (35 "F.Paste" user)
    (36 "B.SilkS" user)
    (37 "F.SilkS" user)
    (38 "B.Mask" user)
    (39 "F.Mask" user)
    (40 "Dwgs.User" user)
    (41 "Cmts.User" user)
    (42 "Eco1.User" user)
    (43 "Eco2.User" user)
    (44 "Edge.Cuts" user)
    (45 "Margin" user)
    (46 "B.CrtYd" user)
    (47 "F.CrtYd" user)
    (48 "B.Fab" user)
    (49 "F.Fab" user)
  )

  (setup
    (last_trace_width 0.25)
    (trace_clearance 0.2)
    (zone_clearance 0.508)
    (zone_45_only no)
    (trace_min 0.2)
    (via_size 0.8)
    (via_drill 0.4)
    (via_min_size 0.4)
    (via_min_drill 0.3)
    (uvia_size 0.3)
    (uvia_drill 0.1)
    (uvias_allowed no)
    (uvia_min_size 0.2)
    (uvia_min_drill 0.1)
    (max_error 0.005)
    (defaults
      (edge_clearance 0.01)
      (edge_cuts_line_width 0.15)
      (courtyard_line_width 0.05)
      (copper_line_width 0.2)
      (copper_text_dims (size 1.5 1.5) (thickness 0.3) keep_upright)
      (silk_line_width 0.15)
      (silk_text_dims (size 1 1) (thickness 0.15) keep_upright)
      (other_layers_line_width 0.1)
      (other_layers_text_dims (size 1 1) (thickness 0.15) keep_upright)
    )
    (pad_size 1.524 1.524)
    (pad_drill 0.762)
    (pad_to_mask_clearance 0.051)
    (solder_mask_min_width 0.25)
    (aux_axis_origin 0 0)
    (visible_elements 7FFFFFFF)
    (pcbplotparams
      (layerselection 0x010fc_ffffffff)
      (usegerberextensions false)
      (usegerberattributes false)
      (usegerberadvancedattributes false)
      (creategerberjobfile false)
      (excludeedgelayer true)
      (linewidth 0.100000)
      (plotframeref false)
      (viasonmask false)
      (mode 1)
      (useauxorigin false)
      (hpglpennumber 1)
      (hpglpenspeed 20)
      (hpglpendiameter 15.000000)
      (psnegative false)
      (psa4output false)
      (plotreference true)
      (plotvalue true)
      (plotinvisibletext false)
      (padsonsilk false)
      (subtractmaskfromsilk false)
      (outputformat 1)
      (mirror false)
      (drillshape 1)
      (scaleselection 1)
      (outputdirectory ""))
  )

  (net 0 "")
  (net 1 "+15V")
  (net 2 "GND")
  (net 3 "+2V5")
  (net 4 "+5V")
  (net 5 "-15V")
  (net 6 "Net-(J1-Pad2)")
  (net 7 "Net-(J2-Pad2)")
  (net 8 "Net-(J3-Pad2)")
  (net 9 "Net-(J4-Pad2)")
  (net 10 "Net-(R1-Pad1)")
  (net 11 "Net-(R3-Pad1)")
  (net 12 "Net-(R5-Pad1)")
  (net 13 "Net-(R7-Pad1)")
  (net 14 "~CL")
  (net 15 "~CS")
  (net 16 "MOSI")
  (net 17 "SCLK")
  (net 18 "Net-(C4-Pad1)")
  (net 19 "Net-(J1-Pad5)")
  (net 20 "Net-(J2-Pad5)")
  (net 21 "Net-(J3-Pad5)")
  (net 22 "Net-(J4-Pad5)")

  (net_class "Default" "This is the default net class."
    (clearance 0.2)
    (trace_width 0.25)
    (via_dia 0.8)
    (via_drill 0.4)
    (uvia_dia 0.3)
    (uvia_drill 0.1)
    (add_net "+15V")
    (add_net "+2V5")
    (add_net "+5V")
    (add_net "-15V")
    (add_net "GND")
    (add_net "MOSI")
    (add_net "Net-(C4-Pad1)")
    (add_net "Net-(J1-Pad2)")
    (add_net "Net-(J1-Pad5)")
    (add_net "Net-(J2-Pad2)")
    (add_net "Net-(J2-Pad5)")
    (add_net "Net-(J3-Pad2)")
    (add_net "Net-(J3-Pad5)")
    (add_net "Net-(J4-Pad2)")
    (add_net "Net-(J4-Pad5)")
    (add_net "Net-(JP1-Pad2)")
    (add_net "Net-(R1-Pad1)")
    (add_net "Net-(R3-Pad1)")
    (add_net "Net-(R5-Pad1)")
    (add_net "Net-(R7-Pad1)")
    (add_net "Net-(U1-Pad1)")
    (add_net "Net-(U1-Pad3)")
    (add_net "Net-(U1-Pad5)")
    (add_net "Net-(U1-Pad7)")
    (add_net "Net-(U1-Pad8)")
    (add_net "Net-(U2-Pad12)")
    (add_net "Net-(U2-Pad13)")
    (add_net "SCLK")
    (add_net "~CL")
    (add_net "~CS")
  )

  (module "Arduino:Arduino_Uno_Shield_mod" (layer "F.Cu") (tedit 5BED8C2C) (tstamp 5C4A8863)
    (at 143.51 146.05 90)
    (descr "https://store.arduino.cc/arduino-uno-rev3")
    (path "/5C283000")
    (fp_text reference "XA1" (at 2.54 -54.356 90) (layer "Dwgs.User")
      (effects (font (size 1 1) (thickness 0.15)))
    )
    (fp_text value "Arduino_Uno_Shield_mod" (at 15.494 -54.356 90) (layer "F.Fab")
      (effects (font (size 1 1) (thickness 0.15)))
    )
    (fp_line (start 9.525 -32.385) (end -6.35 -32.385) (layer "B.CrtYd") (width 0.15))
    (fp_line (start 9.525 -43.815) (end -6.35 -43.815) (layer "B.CrtYd") (width 0.15))
    (fp_line (start 9.525 -43.815) (end 9.525 -32.385) (layer "B.CrtYd") (width 0.15))
    (fp_line (start -6.35 -43.815) (end -6.35 -32.385) (layer "B.CrtYd") (width 0.15))
    (fp_line (start 11.43 -12.065) (end 11.43 -3.175) (layer "B.CrtYd") (width 0.15))
    (fp_line (start -1.905 -3.175) (end 11.43 -3.175) (layer "B.CrtYd") (width 0.15))
    (fp_line (start -1.905 -12.065) (end -1.905 -3.175) (layer "B.CrtYd") (width 0.15))
    (fp_line (start -1.905 -12.065) (end 11.43 -12.065) (layer "B.CrtYd") (width 0.15))
    (fp_line (start 0 -53.34) (end 0 0) (layer "Dwgs.User") (width 0.15))
    (fp_line (start 66.04 -40.64) (end 66.04 -51.816) (layer "Dwgs.User") (width 0.15))
    (fp_line (start 68.58 -38.1) (end 66.04 -40.64) (layer "Dwgs.User") (width 0.15))
    (fp_line (start 68.58 -3.81) (end 68.58 -38.1) (layer "Dwgs.User") (width 0.15))
    (fp_line (start 66.04 -1.27) (end 68.58 -3.81) (layer "Dwgs.User") (width 0.15))
    (fp_line (start 66.04 0) (end 66.04 -1.27) (layer "Dwgs.User") (width 0.15))
    (fp_line (start 64.516 -53.34) (end 66.04 -51.816) (layer "Dwgs.User") (width 0.15))
    (fp_line (start 0 0) (end 66.04 0) (layer "Dwgs.User") (width 0.15))
    (fp_line (start 0 -53.34) (end 64.516 -53.34) (layer "Dwgs.User") (width 0.15))
    (pad "A5" thru_hole oval (at 63.5 -2.54 90) (size 1.7272 1.7272) (drill 1.016) (layers *.Cu *.Mask))
    (pad "A4" thru_hole oval (at 60.96 -2.54 90) (size 1.7272 1.7272) (drill 1.016) (layers *.Cu *.Mask))
    (pad "A3" thru_hole oval (at 58.42 -2.54 90) (size 1.7272 1.7272) (drill 1.016) (layers *.Cu *.Mask)
      (net 19 "Net-(J1-Pad5)"))
    (pad "A2" thru_hole oval (at 55.88 -2.54 90) (size 1.7272 1.7272) (drill 1.016) (layers *.Cu *.Mask)
      (net 20 "Net-(J2-Pad5)"))
    (pad "A1" thru_hole oval (at 53.34 -2.54 90) (size 1.7272 1.7272) (drill 1.016) (layers *.Cu *.Mask)
      (net 21 "Net-(J3-Pad5)"))
    (pad "" thru_hole oval (at 27.94 -2.54 90) (size 1.7272 1.7272) (drill 1.016) (layers *.Cu *.Mask))
    (pad "D11" thru_hole oval (at 34.036 -50.8 90) (size 1.7272 1.7272) (drill 1.016) (layers *.Cu *.Mask)
      (net 16 "MOSI"))
    (pad "D12" thru_hole oval (at 31.496 -50.8 90) (size 1.7272 1.7272) (drill 1.016) (layers *.Cu *.Mask))
    (pad "D13" thru_hole oval (at 28.956 -50.8 90) (size 1.7272 1.7272) (drill 1.016) (layers *.Cu *.Mask)
      (net 17 "SCLK"))
    (pad "AREF" thru_hole oval (at 23.876 -50.8 90) (size 1.7272 1.7272) (drill 1.016) (layers *.Cu *.Mask))
    (pad "SDA" thru_hole oval (at 21.336 -50.8 90) (size 1.7272 1.7272) (drill 1.016) (layers *.Cu *.Mask))
    (pad "SCL" thru_hole oval (at 18.796 -50.8 90) (size 1.7272 1.7272) (drill 1.016) (layers *.Cu *.Mask))
    (pad "D10" thru_hole oval (at 36.576 -50.8 90) (size 1.7272 1.7272) (drill 1.016) (layers *.Cu *.Mask)
      (net 15 "~CS"))
    (pad "D9" thru_hole oval (at 39.116 -50.8 90) (size 1.7272 1.7272) (drill 1.016) (layers *.Cu *.Mask)
      (net 14 "~CL"))
    (pad "D8" thru_hole oval (at 41.656 -50.8 90) (size 1.7272 1.7272) (drill 1.016) (layers *.Cu *.Mask))
    (pad "GND1" thru_hole oval (at 26.416 -50.8 90) (size 1.7272 1.7272) (drill 1.016) (layers *.Cu *.Mask)
      (net 2 "GND"))
    (pad "D7" thru_hole oval (at 45.72 -50.8 90) (size 1.7272 1.7272) (drill 1.016) (layers *.Cu *.Mask))
    (pad "D6" thru_hole oval (at 48.26 -50.8 90) (size 1.7272 1.7272) (drill 1.016) (layers *.Cu *.Mask))
    (pad "D5" thru_hole oval (at 50.8 -50.8 90) (size 1.7272 1.7272) (drill 1.016) (layers *.Cu *.Mask))
    (pad "D4" thru_hole oval (at 53.34 -50.8 90) (size 1.7272 1.7272) (drill 1.016) (layers *.Cu *.Mask))
    (pad "D3" thru_hole oval (at 55.88 -50.8 90) (size 1.7272 1.7272) (drill 1.016) (layers *.Cu *.Mask))
    (pad "D2" thru_hole oval (at 58.42 -50.8 90) (size 1.7272 1.7272) (drill 1.016) (layers *.Cu *.Mask))
    (pad "D1" thru_hole oval (at 60.96 -50.8 90) (size 1.7272 1.7272) (drill 1.016) (layers *.Cu *.Mask))
    (pad "D0" thru_hole oval (at 63.5 -50.8 90) (size 1.7272 1.7272) (drill 1.016) (layers *.Cu *.Mask))
    (pad "IORF" thru_hole oval (at 30.48 -2.54 90) (size 1.7272 1.7272) (drill 1.016) (layers *.Cu *.Mask))
    (pad "RST1" thru_hole oval (at 33.02 -2.54 90) (size 1.7272 1.7272) (drill 1.016) (layers *.Cu *.Mask)
      (net 18 "Net-(C4-Pad1)"))
    (pad "3V3" thru_hole oval (at 35.56 -2.54 90) (size 1.7272 1.7272) (drill 1.016) (layers *.Cu *.Mask))
    (pad "5V1" thru_hole oval (at 38.1 -2.54 90) (size 1.7272 1.7272) (drill 1.016) (layers *.Cu *.Mask)
      (net 4 "+5V"))
    (pad "GND2" thru_hole oval (at 40.64 -2.54 90) (size 1.7272 1.7272) (drill 1.016) (layers *.Cu *.Mask)
      (net 2 "GND"))
    (pad "GND3" thru_hole oval (at 43.18 -2.54 90) (size 1.7272 1.7272) (drill 1.016) (layers *.Cu *.Mask)
      (net 2 "GND"))
    (pad "VIN" thru_hole oval (at 45.72 -2.54 90) (size 1.7272 1.7272) (drill 1.016) (layers *.Cu *.Mask))
    (pad "A0" thru_hole oval (at 50.8 -2.54 90) (size 1.7272 1.7272) (drill 1.016) (layers *.Cu *.Mask)
      (net 22 "Net-(J4-Pad5)"))
  )

  (module "Capacitor_SMD:C_0603_1608Metric_Pad1.05x0.95mm_HandSolder" (layer "F.Cu") (tedit 5B301BBE) (tstamp 5C304D4C)
    (at 97.79 93.98 180)
    (descr "Capacitor SMD 0603 (1608 Metric), square (rectangular) end terminal, IPC_7351 nominal with elongated pad for handsoldering. (Body size source: http://www.tortai-tech.com/upload/download/2011102023233369053.pdf), generated with kicad-footprint-generator")
    (tags "capacitor handsolder")
    (path "/5BEF84A3")
    (attr smd)
    (fp_text reference "C1" (at 0 -1.43 180) (layer "F.SilkS")
      (effects (font (size 1 1) (thickness 0.15)))
    )
    (fp_text value "2u2" (at 0 1.43 180) (layer "F.Fab")
      (effects (font (size 1 1) (thickness 0.15)))
    )
    (fp_text user "%R" (at 0 0 180) (layer "F.Fab")
      (effects (font (size 0.4 0.4) (thickness 0.06)))
    )
    (fp_line (start 1.65 0.73) (end -1.65 0.73) (layer "F.CrtYd") (width 0.05))
    (fp_line (start 1.65 -0.73) (end 1.65 0.73) (layer "F.CrtYd") (width 0.05))
    (fp_line (start -1.65 -0.73) (end 1.65 -0.73) (layer "F.CrtYd") (width 0.05))
    (fp_line (start -1.65 0.73) (end -1.65 -0.73) (layer "F.CrtYd") (width 0.05))
    (fp_line (start -0.171267 0.51) (end 0.171267 0.51) (layer "F.SilkS") (width 0.12))
    (fp_line (start -0.171267 -0.51) (end 0.171267 -0.51) (layer "F.SilkS") (width 0.12))
    (fp_line (start 0.8 0.4) (end -0.8 0.4) (layer "F.Fab") (width 0.1))
    (fp_line (start 0.8 -0.4) (end 0.8 0.4) (layer "F.Fab") (width 0.1))
    (fp_line (start -0.8 -0.4) (end 0.8 -0.4) (layer "F.Fab") (width 0.1))
    (fp_line (start -0.8 0.4) (end -0.8 -0.4) (layer "F.Fab") (width 0.1))
    (pad "1" smd roundrect (at -0.875 0 180) (size 1.05 0.95) (layers "F.Cu" "F.Paste" "F.Mask") (roundrect_rratio 0.25)
      (net 1 "+15V"))
    (pad "2" smd roundrect (at 0.875 0 180) (size 1.05 0.95) (layers "F.Cu" "F.Paste" "F.Mask") (roundrect_rratio 0.25)
      (net 2 "GND"))
    (model "${KISYS3DMOD}/Capacitor_SMD.3dshapes/C_0603_1608Metric.wrl"
      (at (xyz 0 0 0))
      (scale (xyz 1 1 1))
      (rotate (xyz 0 0 0))
    )
  )

  (module "Capacitor_SMD:C_0603_1608Metric_Pad1.05x0.95mm_HandSolder" (layer "F.Cu") (tedit 5B301BBE) (tstamp 5C304D5D)
    (at 114.3 92.71)
    (descr "Capacitor SMD 0603 (1608 Metric), square (rectangular) end terminal, IPC_7351 nominal with elongated pad for handsoldering. (Body size source: http://www.tortai-tech.com/upload/download/2011102023233369053.pdf), generated with kicad-footprint-generator")
    (tags "capacitor handsolder")
    (path "/5BEF844D")
    (attr smd)
    (fp_text reference "C2" (at 0 -1.43) (layer "F.SilkS")
      (effects (font (size 1 1) (thickness 0.15)))
    )
    (fp_text value "2u2" (at 0 1.43) (layer "F.Fab")
      (effects (font (size 1 1) (thickness 0.15)))
    )
    (fp_line (start -0.8 0.4) (end -0.8 -0.4) (layer "F.Fab") (width 0.1))
    (fp_line (start -0.8 -0.4) (end 0.8 -0.4) (layer "F.Fab") (width 0.1))
    (fp_line (start 0.8 -0.4) (end 0.8 0.4) (layer "F.Fab") (width 0.1))
    (fp_line (start 0.8 0.4) (end -0.8 0.4) (layer "F.Fab") (width 0.1))
    (fp_line (start -0.171267 -0.51) (end 0.171267 -0.51) (layer "F.SilkS") (width 0.12))
    (fp_line (start -0.171267 0.51) (end 0.171267 0.51) (layer "F.SilkS") (width 0.12))
    (fp_line (start -1.65 0.73) (end -1.65 -0.73) (layer "F.CrtYd") (width 0.05))
    (fp_line (start -1.65 -0.73) (end 1.65 -0.73) (layer "F.CrtYd") (width 0.05))
    (fp_line (start 1.65 -0.73) (end 1.65 0.73) (layer "F.CrtYd") (width 0.05))
    (fp_line (start 1.65 0.73) (end -1.65 0.73) (layer "F.CrtYd") (width 0.05))
    (fp_text user "%R" (at 0 0) (layer "F.Fab")
      (effects (font (size 0.4 0.4) (thickness 0.06)))
    )
    (pad "2" smd roundrect (at 0.875 0) (size 1.05 0.95) (layers "F.Cu" "F.Paste" "F.Mask") (roundrect_rratio 0.25)
      (net 2 "GND"))
    (pad "1" smd roundrect (at -0.875 0) (size 1.05 0.95) (layers "F.Cu" "F.Paste" "F.Mask") (roundrect_rratio 0.25)
      (net 3 "+2V5"))
    (model "${KISYS3DMOD}/Capacitor_SMD.3dshapes/C_0603_1608Metric.wrl"
      (at (xyz 0 0 0))
      (scale (xyz 1 1 1))
      (rotate (xyz 0 0 0))
    )
  )

  (module "Capacitor_SMD:C_0603_1608Metric_Pad1.05x0.95mm_HandSolder" (layer "F.Cu") (tedit 5B301BBE) (tstamp 5C304D6E)
    (at 114.3 96.52)
    (descr "Capacitor SMD 0603 (1608 Metric), square (rectangular) end terminal, IPC_7351 nominal with elongated pad for handsoldering. (Body size source: http://www.tortai-tech.com/upload/download/2011102023233369053.pdf), generated with kicad-footprint-generator")
    (tags "capacitor handsolder")
    (path "/5BEF169A")
    (attr smd)
    (fp_text reference "C3" (at 0 -1.43) (layer "F.SilkS")
      (effects (font (size 1 1) (thickness 0.15)))
    )
    (fp_text value "4u7" (at 0 1.43) (layer "F.Fab")
      (effects (font (size 1 1) (thickness 0.15)))
    )
    (fp_line (start -0.8 0.4) (end -0.8 -0.4) (layer "F.Fab") (width 0.1))
    (fp_line (start -0.8 -0.4) (end 0.8 -0.4) (layer "F.Fab") (width 0.1))
    (fp_line (start 0.8 -0.4) (end 0.8 0.4) (layer "F.Fab") (width 0.1))
    (fp_line (start 0.8 0.4) (end -0.8 0.4) (layer "F.Fab") (width 0.1))
    (fp_line (start -0.171267 -0.51) (end 0.171267 -0.51) (layer "F.SilkS") (width 0.12))
    (fp_line (start -0.171267 0.51) (end 0.171267 0.51) (layer "F.SilkS") (width 0.12))
    (fp_line (start -1.65 0.73) (end -1.65 -0.73) (layer "F.CrtYd") (width 0.05))
    (fp_line (start -1.65 -0.73) (end 1.65 -0.73) (layer "F.CrtYd") (width 0.05))
    (fp_line (start 1.65 -0.73) (end 1.65 0.73) (layer "F.CrtYd") (width 0.05))
    (fp_line (start 1.65 0.73) (end -1.65 0.73) (layer "F.CrtYd") (width 0.05))
    (fp_text user "%R" (at 0 0) (layer "F.Fab")
      (effects (font (size 0.4 0.4) (thickness 0.06)))
    )
    (pad "2" smd roundrect (at 0.875 0) (size 1.05 0.95) (layers "F.Cu" "F.Paste" "F.Mask") (roundrect_rratio 0.25)
      (net 2 "GND"))
    (pad "1" smd roundrect (at -0.875 0) (size 1.05 0.95) (layers "F.Cu" "F.Paste" "F.Mask") (roundrect_rratio 0.25)
      (net 4 "+5V"))
    (model "${KISYS3DMOD}/Capacitor_SMD.3dshapes/C_0603_1608Metric.wrl"
      (at (xyz 0 0 0))
      (scale (xyz 1 1 1))
      (rotate (xyz 0 0 0))
    )
  )

  (module "Capacitor_SMD:C_0603_1608Metric_Pad1.05x0.95mm_HandSolder" (layer "F.Cu") (tedit 5B301BBE) (tstamp 5D3F1ACE)
    (at 140.97 121.92 270)
    (descr "Capacitor SMD 0603 (1608 Metric), square (rectangular) end terminal, IPC_7351 nominal with elongated pad for handsoldering. (Body size source: http://www.tortai-tech.com/upload/download/2011102023233369053.pdf), generated with kicad-footprint-generator")
    (tags "capacitor handsolder")
    (path "/5C1351A7")
    (attr smd)
    (fp_text reference "C4" (at 0 -1.43 270) (layer "F.SilkS")
      (effects (font (size 1 1) (thickness 0.15)))
    )
    (fp_text value "10u" (at 0 1.43 270) (layer "F.Fab")
      (effects (font (size 1 1) (thickness 0.15)))
    )
    (fp_text user "%R" (at 0 0 270) (layer "F.Fab")
      (effects (font (size 0.4 0.4) (thickness 0.06)))
    )
    (fp_line (start 1.65 0.73) (end -1.65 0.73) (layer "F.CrtYd") (width 0.05))
    (fp_line (start 1.65 -0.73) (end 1.65 0.73) (layer "F.CrtYd") (width 0.05))
    (fp_line (start -1.65 -0.73) (end 1.65 -0.73) (layer "F.CrtYd") (width 0.05))
    (fp_line (start -1.65 0.73) (end -1.65 -0.73) (layer "F.CrtYd") (width 0.05))
    (fp_line (start -0.171267 0.51) (end 0.171267 0.51) (layer "F.SilkS") (width 0.12))
    (fp_line (start -0.171267 -0.51) (end 0.171267 -0.51) (layer "F.SilkS") (width 0.12))
    (fp_line (start 0.8 0.4) (end -0.8 0.4) (layer "F.Fab") (width 0.1))
    (fp_line (start 0.8 -0.4) (end 0.8 0.4) (layer "F.Fab") (width 0.1))
    (fp_line (start -0.8 -0.4) (end 0.8 -0.4) (layer "F.Fab") (width 0.1))
    (fp_line (start -0.8 0.4) (end -0.8 -0.4) (layer "F.Fab") (width 0.1))
    (pad "1" smd roundrect (at -0.875 0 270) (size 1.05 0.95) (layers "F.Cu" "F.Paste" "F.Mask") (roundrect_rratio 0.25)
      (net 18 "Net-(C4-Pad1)"))
    (pad "2" smd roundrect (at 0.875 0 270) (size 1.05 0.95) (layers "F.Cu" "F.Paste" "F.Mask") (roundrect_rratio 0.25)
      (net 2 "GND"))
    (model "${KISYS3DMOD}/Capacitor_SMD.3dshapes/C_0603_1608Metric.wrl"
      (at (xyz 0 0 0))
      (scale (xyz 1 1 1))
      (rotate (xyz 0 0 0))
    )
  )

  (module "Capacitor_SMD:C_0603_1608Metric_Pad1.05x0.95mm_HandSolder" (layer "F.Cu") (tedit 5B301BBE) (tstamp 5C304D90)
    (at 114.3 100.33)
    (descr "Capacitor SMD 0603 (1608 Metric), square (rectangular) end terminal, IPC_7351 nominal with elongated pad for handsoldering. (Body size source: http://www.tortai-tech.com/upload/download/2011102023233369053.pdf), generated with kicad-footprint-generator")
    (tags "capacitor handsolder")
    (path "/5BEF16D8")
    (attr smd)
    (fp_text reference "C5" (at 0 -1.43) (layer "F.SilkS")
      (effects (font (size 1 1) (thickness 0.15)))
    )
    (fp_text value "100n" (at 0 1.43) (layer "F.Fab")
      (effects (font (size 1 1) (thickness 0.15)))
    )
    (fp_text user "%R" (at 0 0) (layer "F.Fab")
      (effects (font (size 0.4 0.4) (thickness 0.06)))
    )
    (fp_line (start 1.65 0.73) (end -1.65 0.73) (layer "F.CrtYd") (width 0.05))
    (fp_line (start 1.65 -0.73) (end 1.65 0.73) (layer "F.CrtYd") (width 0.05))
    (fp_line (start -1.65 -0.73) (end 1.65 -0.73) (layer "F.CrtYd") (width 0.05))
    (fp_line (start -1.65 0.73) (end -1.65 -0.73) (layer "F.CrtYd") (width 0.05))
    (fp_line (start -0.171267 0.51) (end 0.171267 0.51) (layer "F.SilkS") (width 0.12))
    (fp_line (start -0.171267 -0.51) (end 0.171267 -0.51) (layer "F.SilkS") (width 0.12))
    (fp_line (start 0.8 0.4) (end -0.8 0.4) (layer "F.Fab") (width 0.1))
    (fp_line (start 0.8 -0.4) (end 0.8 0.4) (layer "F.Fab") (width 0.1))
    (fp_line (start -0.8 -0.4) (end 0.8 -0.4) (layer "F.Fab") (width 0.1))
    (fp_line (start -0.8 0.4) (end -0.8 -0.4) (layer "F.Fab") (width 0.1))
    (pad "1" smd roundrect (at -0.875 0) (size 1.05 0.95) (layers "F.Cu" "F.Paste" "F.Mask") (roundrect_rratio 0.25)
      (net 4 "+5V"))
    (pad "2" smd roundrect (at 0.875 0) (size 1.05 0.95) (layers "F.Cu" "F.Paste" "F.Mask") (roundrect_rratio 0.25)
      (net 2 "GND"))
    (model "${KISYS3DMOD}/Capacitor_SMD.3dshapes/C_0603_1608Metric.wrl"
      (at (xyz 0 0 0))
      (scale (xyz 1 1 1))
      (rotate (xyz 0 0 0))
    )
  )

  (module "RS_Screw:RS_Srew_Term_x4" (layer "F.Cu") (tedit 5B6ABAA5) (tstamp 5C304E1C)
    (at 106.68 83.82 180)
    (path "/5C1DAE3D")
    (fp_text reference "J5" (at 10.668 0) (layer "F.SilkS")
      (effects (font (size 1 1) (thickness 0.15)))
    )
    (fp_text value "Screw_Terminal_01x04" (at 0 1.75) (layer "F.Fab")
      (effects (font (size 1 1) (thickness 0.15)))
    )
    (fp_circle (center -7.5 -3) (end -7 -3) (layer "F.SilkS") (width 0.15))
    (fp_circle (center -2.5 -3) (end -2 -3) (layer "F.SilkS") (width 0.15))
    (fp_circle (center 2.5 -3) (end 3 -3) (layer "F.SilkS") (width 0.15))
    (fp_circle (center 7.5 -3) (end 8 -3) (layer "F.SilkS") (width 0.15))
    (fp_line (start -10.180492 2.954402) (end -10.180492 -4.645598) (layer "F.SilkS") (width 0.15))
    (fp_line (start 9.819508 -4.645598) (end -10.180492 -4.645598) (layer "F.SilkS") (width 0.15))
    (fp_line (start 9.819508 2.954402) (end 9.819508 -4.645598) (layer "F.SilkS") (width 0.15))
    (fp_line (start 9.819508 2.954402) (end -10.180492 3.004402) (layer "F.SilkS") (width 0.15))
    (pad "3" thru_hole circle (at 2.5 0) (size 2 2) (drill 1.3) (layers *.Cu *.Mask)
      (net 5 "-15V"))
    (pad "2" thru_hole circle (at -2.5 0) (size 2 2) (drill 1.3) (layers *.Cu *.Mask)
      (net 2 "GND"))
    (pad "1" thru_hole circle (at -7.5 0) (size 2 2) (drill 1.3) (layers *.Cu *.Mask)
      (net 1 "+15V"))
    (pad "4" thru_hole circle (at 7.5 0) (size 2 2) (drill 1.3) (layers *.Cu *.Mask)
      (net 2 "GND"))
  )

  (module "Resistor_SMD:R_0603_1608Metric_Pad1.05x0.95mm_HandSolder" (layer "F.Cu") (tedit 5B301BBD) (tstamp 5C304E2D)
    (at 97.79 107.95 270)
    (descr "Resistor SMD 0603 (1608 Metric), square (rectangular) end terminal, IPC_7351 nominal with elongated pad for handsoldering. (Body size source: http://www.tortai-tech.com/upload/download/2011102023233369053.pdf), generated with kicad-footprint-generator")
    (tags "resistor handsolder")
    (path "/5BFFEA22")
    (attr smd)
    (fp_text reference "R1" (at 0 -1.43 270) (layer "F.SilkS")
      (effects (font (size 1 1) (thickness 0.15)))
    )
    (fp_text value "R" (at 0 1.43 270) (layer "F.Fab")
      (effects (font (size 1 1) (thickness 0.15)))
    )
    (fp_line (start -0.8 0.4) (end -0.8 -0.4) (layer "F.Fab") (width 0.1))
    (fp_line (start -0.8 -0.4) (end 0.8 -0.4) (layer "F.Fab") (width 0.1))
    (fp_line (start 0.8 -0.4) (end 0.8 0.4) (layer "F.Fab") (width 0.1))
    (fp_line (start 0.8 0.4) (end -0.8 0.4) (layer "F.Fab") (width 0.1))
    (fp_line (start -0.171267 -0.51) (end 0.171267 -0.51) (layer "F.SilkS") (width 0.12))
    (fp_line (start -0.171267 0.51) (end 0.171267 0.51) (layer "F.SilkS") (width 0.12))
    (fp_line (start -1.65 0.73) (end -1.65 -0.73) (layer "F.CrtYd") (width 0.05))
    (fp_line (start -1.65 -0.73) (end 1.65 -0.73) (layer "F.CrtYd") (width 0.05))
    (fp_line (start 1.65 -0.73) (end 1.65 0.73) (layer "F.CrtYd") (width 0.05))
    (fp_line (start 1.65 0.73) (end -1.65 0.73) (layer "F.CrtYd") (width 0.05))
    (fp_text user "%R" (at 0 0 270) (layer "F.Fab")
      (effects (font (size 0.4 0.4) (thickness 0.06)))
    )
    (pad "2" smd roundrect (at 0.875 0 270) (size 1.05 0.95) (layers "F.Cu" "F.Paste" "F.Mask") (roundrect_rratio 0.25)
      (net 6 "Net-(J1-Pad2)"))
    (pad "1" smd roundrect (at -0.875 0 270) (size 1.05 0.95) (layers "F.Cu" "F.Paste" "F.Mask") (roundrect_rratio 0.25)
      (net 10 "Net-(R1-Pad1)"))
    (model "${KISYS3DMOD}/Resistor_SMD.3dshapes/R_0603_1608Metric.wrl"
      (at (xyz 0 0 0))
      (scale (xyz 1 1 1))
      (rotate (xyz 0 0 0))
    )
  )

  (module "Resistor_SMD:R_0603_1608Metric_Pad1.05x0.95mm_HandSolder" (layer "F.Cu") (tedit 5B301BBD) (tstamp 5C304E3E)
    (at 97.79 104.14 270)
    (descr "Resistor SMD 0603 (1608 Metric), square (rectangular) end terminal, IPC_7351 nominal with elongated pad for handsoldering. (Body size source: http://www.tortai-tech.com/upload/download/2011102023233369053.pdf), generated with kicad-footprint-generator")
    (tags "resistor handsolder")
    (path "/5C004440")
    (attr smd)
    (fp_text reference "R2" (at 0 -1.43 270) (layer "F.SilkS")
      (effects (font (size 1 1) (thickness 0.15)))
    )
    (fp_text value "R" (at 0 1.43 270) (layer "F.Fab")
      (effects (font (size 1 1) (thickness 0.15)))
    )
    (fp_text user "%R" (at 0 0 270) (layer "F.Fab")
      (effects (font (size 0.4 0.4) (thickness 0.06)))
    )
    (fp_line (start 1.65 0.73) (end -1.65 0.73) (layer "F.CrtYd") (width 0.05))
    (fp_line (start 1.65 -0.73) (end 1.65 0.73) (layer "F.CrtYd") (width 0.05))
    (fp_line (start -1.65 -0.73) (end 1.65 -0.73) (layer "F.CrtYd") (width 0.05))
    (fp_line (start -1.65 0.73) (end -1.65 -0.73) (layer "F.CrtYd") (width 0.05))
    (fp_line (start -0.171267 0.51) (end 0.171267 0.51) (layer "F.SilkS") (width 0.12))
    (fp_line (start -0.171267 -0.51) (end 0.171267 -0.51) (layer "F.SilkS") (width 0.12))
    (fp_line (start 0.8 0.4) (end -0.8 0.4) (layer "F.Fab") (width 0.1))
    (fp_line (start 0.8 -0.4) (end 0.8 0.4) (layer "F.Fab") (width 0.1))
    (fp_line (start -0.8 -0.4) (end 0.8 -0.4) (layer "F.Fab") (width 0.1))
    (fp_line (start -0.8 0.4) (end -0.8 -0.4) (layer "F.Fab") (width 0.1))
    (pad "1" smd roundrect (at -0.875 0 270) (size 1.05 0.95) (layers "F.Cu" "F.Paste" "F.Mask") (roundrect_rratio 0.25)
      (net 2 "GND"))
    (pad "2" smd roundrect (at 0.875 0 270) (size 1.05 0.95) (layers "F.Cu" "F.Paste" "F.Mask") (roundrect_rratio 0.25)
      (net 10 "Net-(R1-Pad1)"))
    (model "${KISYS3DMOD}/Resistor_SMD.3dshapes/R_0603_1608Metric.wrl"
      (at (xyz 0 0 0))
      (scale (xyz 1 1 1))
      (rotate (xyz 0 0 0))
    )
  )

  (module "Resistor_SMD:R_0603_1608Metric_Pad1.05x0.95mm_HandSolder" (layer "F.Cu") (tedit 5B301BBD) (tstamp 5C304E4F)
    (at 97.79 113.03 90)
    (descr "Resistor SMD 0603 (1608 Metric), square (rectangular) end terminal, IPC_7351 nominal with elongated pad for handsoldering. (Body size source: http://www.tortai-tech.com/upload/download/2011102023233369053.pdf), generated with kicad-footprint-generator")
    (tags "resistor handsolder")
    (path "/5C0044B7")
    (attr smd)
    (fp_text reference "R3" (at 0 -1.43 90) (layer "F.SilkS")
      (effects (font (size 1 1) (thickness 0.15)))
    )
    (fp_text value "R" (at 0 1.43 90) (layer "F.Fab")
      (effects (font (size 1 1) (thickness 0.15)))
    )
    (fp_line (start -0.8 0.4) (end -0.8 -0.4) (layer "F.Fab") (width 0.1))
    (fp_line (start -0.8 -0.4) (end 0.8 -0.4) (layer "F.Fab") (width 0.1))
    (fp_line (start 0.8 -0.4) (end 0.8 0.4) (layer "F.Fab") (width 0.1))
    (fp_line (start 0.8 0.4) (end -0.8 0.4) (layer "F.Fab") (width 0.1))
    (fp_line (start -0.171267 -0.51) (end 0.171267 -0.51) (layer "F.SilkS") (width 0.12))
    (fp_line (start -0.171267 0.51) (end 0.171267 0.51) (layer "F.SilkS") (width 0.12))
    (fp_line (start -1.65 0.73) (end -1.65 -0.73) (layer "F.CrtYd") (width 0.05))
    (fp_line (start -1.65 -0.73) (end 1.65 -0.73) (layer "F.CrtYd") (width 0.05))
    (fp_line (start 1.65 -0.73) (end 1.65 0.73) (layer "F.CrtYd") (width 0.05))
    (fp_line (start 1.65 0.73) (end -1.65 0.73) (layer "F.CrtYd") (width 0.05))
    (fp_text user "%R" (at 0 0 90) (layer "F.Fab")
      (effects (font (size 0.4 0.4) (thickness 0.06)))
    )
    (pad "2" smd roundrect (at 0.875 0 90) (size 1.05 0.95) (layers "F.Cu" "F.Paste" "F.Mask") (roundrect_rratio 0.25)
      (net 7 "Net-(J2-Pad2)"))
    (pad "1" smd roundrect (at -0.875 0 90) (size 1.05 0.95) (layers "F.Cu" "F.Paste" "F.Mask") (roundrect_rratio 0.25)
      (net 11 "Net-(R3-Pad1)"))
    (model "${KISYS3DMOD}/Resistor_SMD.3dshapes/R_0603_1608Metric.wrl"
      (at (xyz 0 0 0))
      (scale (xyz 1 1 1))
      (rotate (xyz 0 0 0))
    )
  )

  (module "Resistor_SMD:R_0603_1608Metric_Pad1.05x0.95mm_HandSolder" (layer "F.Cu") (tedit 5B301BBD) (tstamp 5C304E60)
    (at 97.79 116.84 90)
    (descr "Resistor SMD 0603 (1608 Metric), square (rectangular) end terminal, IPC_7351 nominal with elongated pad for handsoldering. (Body size source: http://www.tortai-tech.com/upload/download/2011102023233369053.pdf), generated with kicad-footprint-generator")
    (tags "resistor handsolder")
    (path "/5C0046A5")
    (attr smd)
    (fp_text reference "R4" (at 0 -1.43 90) (layer "F.SilkS")
      (effects (font (size 1 1) (thickness 0.15)))
    )
    (fp_text value "R" (at 0 1.43 90) (layer "F.Fab")
      (effects (font (size 1 1) (thickness 0.15)))
    )
    (fp_text user "%R" (at 0 0 90) (layer "F.Fab")
      (effects (font (size 0.4 0.4) (thickness 0.06)))
    )
    (fp_line (start 1.65 0.73) (end -1.65 0.73) (layer "F.CrtYd") (width 0.05))
    (fp_line (start 1.65 -0.73) (end 1.65 0.73) (layer "F.CrtYd") (width 0.05))
    (fp_line (start -1.65 -0.73) (end 1.65 -0.73) (layer "F.CrtYd") (width 0.05))
    (fp_line (start -1.65 0.73) (end -1.65 -0.73) (layer "F.CrtYd") (width 0.05))
    (fp_line (start -0.171267 0.51) (end 0.171267 0.51) (layer "F.SilkS") (width 0.12))
    (fp_line (start -0.171267 -0.51) (end 0.171267 -0.51) (layer "F.SilkS") (width 0.12))
    (fp_line (start 0.8 0.4) (end -0.8 0.4) (layer "F.Fab") (width 0.1))
    (fp_line (start 0.8 -0.4) (end 0.8 0.4) (layer "F.Fab") (width 0.1))
    (fp_line (start -0.8 -0.4) (end 0.8 -0.4) (layer "F.Fab") (width 0.1))
    (fp_line (start -0.8 0.4) (end -0.8 -0.4) (layer "F.Fab") (width 0.1))
    (pad "1" smd roundrect (at -0.875 0 90) (size 1.05 0.95) (layers "F.Cu" "F.Paste" "F.Mask") (roundrect_rratio 0.25)
      (net 2 "GND"))
    (pad "2" smd roundrect (at 0.875 0 90) (size 1.05 0.95) (layers "F.Cu" "F.Paste" "F.Mask") (roundrect_rratio 0.25)
      (net 11 "Net-(R3-Pad1)"))
    (model "${KISYS3DMOD}/Resistor_SMD.3dshapes/R_0603_1608Metric.wrl"
      (at (xyz 0 0 0))
      (scale (xyz 1 1 1))
      (rotate (xyz 0 0 0))
    )
  )

  (module "Resistor_SMD:R_0603_1608Metric_Pad1.05x0.95mm_HandSolder" (layer "F.Cu") (tedit 5B301BBD) (tstamp 5C304E71)
    (at 113.03 113.03 90)
    (descr "Resistor SMD 0603 (1608 Metric), square (rectangular) end terminal, IPC_7351 nominal with elongated pad for handsoldering. (Body size source: http://www.tortai-tech.com/upload/download/2011102023233369053.pdf), generated with kicad-footprint-generator")
    (tags "resistor handsolder")
    (path "/5C0107C8")
    (attr smd)
    (fp_text reference "R5" (at 0 -1.43 90) (layer "F.SilkS")
      (effects (font (size 1 1) (thickness 0.15)))
    )
    (fp_text value "R" (at 0 1.43 90) (layer "F.Fab")
      (effects (font (size 1 1) (thickness 0.15)))
    )
    (fp_line (start -0.8 0.4) (end -0.8 -0.4) (layer "F.Fab") (width 0.1))
    (fp_line (start -0.8 -0.4) (end 0.8 -0.4) (layer "F.Fab") (width 0.1))
    (fp_line (start 0.8 -0.4) (end 0.8 0.4) (layer "F.Fab") (width 0.1))
    (fp_line (start 0.8 0.4) (end -0.8 0.4) (layer "F.Fab") (width 0.1))
    (fp_line (start -0.171267 -0.51) (end 0.171267 -0.51) (layer "F.SilkS") (width 0.12))
    (fp_line (start -0.171267 0.51) (end 0.171267 0.51) (layer "F.SilkS") (width 0.12))
    (fp_line (start -1.65 0.73) (end -1.65 -0.73) (layer "F.CrtYd") (width 0.05))
    (fp_line (start -1.65 -0.73) (end 1.65 -0.73) (layer "F.CrtYd") (width 0.05))
    (fp_line (start 1.65 -0.73) (end 1.65 0.73) (layer "F.CrtYd") (width 0.05))
    (fp_line (start 1.65 0.73) (end -1.65 0.73) (layer "F.CrtYd") (width 0.05))
    (fp_text user "%R" (at 0 0 90) (layer "F.Fab")
      (effects (font (size 0.4 0.4) (thickness 0.06)))
    )
    (pad "2" smd roundrect (at 0.875 0 90) (size 1.05 0.95) (layers "F.Cu" "F.Paste" "F.Mask") (roundrect_rratio 0.25)
      (net 8 "Net-(J3-Pad2)"))
    (pad "1" smd roundrect (at -0.875 0 90) (size 1.05 0.95) (layers "F.Cu" "F.Paste" "F.Mask") (roundrect_rratio 0.25)
      (net 12 "Net-(R5-Pad1)"))
    (model "${KISYS3DMOD}/Resistor_SMD.3dshapes/R_0603_1608Metric.wrl"
      (at (xyz 0 0 0))
      (scale (xyz 1 1 1))
      (rotate (xyz 0 0 0))
    )
  )

  (module "Resistor_SMD:R_0603_1608Metric_Pad1.05x0.95mm_HandSolder" (layer "F.Cu") (tedit 5B301BBD) (tstamp 5C304E82)
    (at 113.03 116.84 90)
    (descr "Resistor SMD 0603 (1608 Metric), square (rectangular) end terminal, IPC_7351 nominal with elongated pad for handsoldering. (Body size source: http://www.tortai-tech.com/upload/download/2011102023233369053.pdf), generated with kicad-footprint-generator")
    (tags "resistor handsolder")
    (path "/5C0108D8")
    (attr smd)
    (fp_text reference "R6" (at 0 -1.43 90) (layer "F.SilkS")
      (effects (font (size 1 1) (thickness 0.15)))
    )
    (fp_text value "R" (at 0 1.43 90) (layer "F.Fab")
      (effects (font (size 1 1) (thickness 0.15)))
    )
    (fp_text user "%R" (at 0 0 90) (layer "F.Fab")
      (effects (font (size 0.4 0.4) (thickness 0.06)))
    )
    (fp_line (start 1.65 0.73) (end -1.65 0.73) (layer "F.CrtYd") (width 0.05))
    (fp_line (start 1.65 -0.73) (end 1.65 0.73) (layer "F.CrtYd") (width 0.05))
    (fp_line (start -1.65 -0.73) (end 1.65 -0.73) (layer "F.CrtYd") (width 0.05))
    (fp_line (start -1.65 0.73) (end -1.65 -0.73) (layer "F.CrtYd") (width 0.05))
    (fp_line (start -0.171267 0.51) (end 0.171267 0.51) (layer "F.SilkS") (width 0.12))
    (fp_line (start -0.171267 -0.51) (end 0.171267 -0.51) (layer "F.SilkS") (width 0.12))
    (fp_line (start 0.8 0.4) (end -0.8 0.4) (layer "F.Fab") (width 0.1))
    (fp_line (start 0.8 -0.4) (end 0.8 0.4) (layer "F.Fab") (width 0.1))
    (fp_line (start -0.8 -0.4) (end 0.8 -0.4) (layer "F.Fab") (width 0.1))
    (fp_line (start -0.8 0.4) (end -0.8 -0.4) (layer "F.Fab") (width 0.1))
    (pad "1" smd roundrect (at -0.875 0 90) (size 1.05 0.95) (layers "F.Cu" "F.Paste" "F.Mask") (roundrect_rratio 0.25)
      (net 2 "GND"))
    (pad "2" smd roundrect (at 0.875 0 90) (size 1.05 0.95) (layers "F.Cu" "F.Paste" "F.Mask") (roundrect_rratio 0.25)
      (net 12 "Net-(R5-Pad1)"))
    (model "${KISYS3DMOD}/Resistor_SMD.3dshapes/R_0603_1608Metric.wrl"
      (at (xyz 0 0 0))
      (scale (xyz 1 1 1))
      (rotate (xyz 0 0 0))
    )
  )

  (module "Resistor_SMD:R_0603_1608Metric_Pad1.05x0.95mm_HandSolder" (layer "F.Cu") (tedit 5B301BBD) (tstamp 5C304E93)
    (at 113.03 107.95 270)
    (descr "Resistor SMD 0603 (1608 Metric), square (rectangular) end terminal, IPC_7351 nominal with elongated pad for handsoldering. (Body size source: http://www.tortai-tech.com/upload/download/2011102023233369053.pdf), generated with kicad-footprint-generator")
    (tags "resistor handsolder")
    (path "/5C0109BA")
    (attr smd)
    (fp_text reference "R7" (at 0 -1.43 270) (layer "F.SilkS")
      (effects (font (size 1 1) (thickness 0.15)))
    )
    (fp_text value "R" (at 0 1.43 270) (layer "F.Fab")
      (effects (font (size 1 1) (thickness 0.15)))
    )
    (fp_line (start -0.8 0.4) (end -0.8 -0.4) (layer "F.Fab") (width 0.1))
    (fp_line (start -0.8 -0.4) (end 0.8 -0.4) (layer "F.Fab") (width 0.1))
    (fp_line (start 0.8 -0.4) (end 0.8 0.4) (layer "F.Fab") (width 0.1))
    (fp_line (start 0.8 0.4) (end -0.8 0.4) (layer "F.Fab") (width 0.1))
    (fp_line (start -0.171267 -0.51) (end 0.171267 -0.51) (layer "F.SilkS") (width 0.12))
    (fp_line (start -0.171267 0.51) (end 0.171267 0.51) (layer "F.SilkS") (width 0.12))
    (fp_line (start -1.65 0.73) (end -1.65 -0.73) (layer "F.CrtYd") (width 0.05))
    (fp_line (start -1.65 -0.73) (end 1.65 -0.73) (layer "F.CrtYd") (width 0.05))
    (fp_line (start 1.65 -0.73) (end 1.65 0.73) (layer "F.CrtYd") (width 0.05))
    (fp_line (start 1.65 0.73) (end -1.65 0.73) (layer "F.CrtYd") (width 0.05))
    (fp_text user "%R" (at 0 0 270) (layer "F.Fab")
      (effects (font (size 0.4 0.4) (thickness 0.06)))
    )
    (pad "2" smd roundrect (at 0.875 0 270) (size 1.05 0.95) (layers "F.Cu" "F.Paste" "F.Mask") (roundrect_rratio 0.25)
      (net 9 "Net-(J4-Pad2)"))
    (pad "1" smd roundrect (at -0.875 0 270) (size 1.05 0.95) (layers "F.Cu" "F.Paste" "F.Mask") (roundrect_rratio 0.25)
      (net 13 "Net-(R7-Pad1)"))
    (model "${KISYS3DMOD}/Resistor_SMD.3dshapes/R_0603_1608Metric.wrl"
      (at (xyz 0 0 0))
      (scale (xyz 1 1 1))
      (rotate (xyz 0 0 0))
    )
  )

  (module "Resistor_SMD:R_0603_1608Metric_Pad1.05x0.95mm_HandSolder" (layer "F.Cu") (tedit 5B301BBD) (tstamp 5C304EA4)
    (at 113.03 104.14 270)
    (descr "Resistor SMD 0603 (1608 Metric), square (rectangular) end terminal, IPC_7351 nominal with elongated pad for handsoldering. (Body size source: http://www.tortai-tech.com/upload/download/2011102023233369053.pdf), generated with kicad-footprint-generator")
    (tags "resistor handsolder")
    (path "/5C010ACE")
    (attr smd)
    (fp_text reference "R8" (at 0 -1.43 270) (layer "F.SilkS")
      (effects (font (size 1 1) (thickness 0.15)))
    )
    (fp_text value "R" (at 0 1.43 270) (layer "F.Fab")
      (effects (font (size 1 1) (thickness 0.15)))
    )
    (fp_text user "%R" (at 0 0 270) (layer "F.Fab")
      (effects (font (size 0.4 0.4) (thickness 0.06)))
    )
    (fp_line (start 1.65 0.73) (end -1.65 0.73) (layer "F.CrtYd") (width 0.05))
    (fp_line (start 1.65 -0.73) (end 1.65 0.73) (layer "F.CrtYd") (width 0.05))
    (fp_line (start -1.65 -0.73) (end 1.65 -0.73) (layer "F.CrtYd") (width 0.05))
    (fp_line (start -1.65 0.73) (end -1.65 -0.73) (layer "F.CrtYd") (width 0.05))
    (fp_line (start -0.171267 0.51) (end 0.171267 0.51) (layer "F.SilkS") (width 0.12))
    (fp_line (start -0.171267 -0.51) (end 0.171267 -0.51) (layer "F.SilkS") (width 0.12))
    (fp_line (start 0.8 0.4) (end -0.8 0.4) (layer "F.Fab") (width 0.1))
    (fp_line (start 0.8 -0.4) (end 0.8 0.4) (layer "F.Fab") (width 0.1))
    (fp_line (start -0.8 -0.4) (end 0.8 -0.4) (layer "F.Fab") (width 0.1))
    (fp_line (start -0.8 0.4) (end -0.8 -0.4) (layer "F.Fab") (width 0.1))
    (pad "1" smd roundrect (at -0.875 0 270) (size 1.05 0.95) (layers "F.Cu" "F.Paste" "F.Mask") (roundrect_rratio 0.25)
      (net 2 "GND"))
    (pad "2" smd roundrect (at 0.875 0 270) (size 1.05 0.95) (layers "F.Cu" "F.Paste" "F.Mask") (roundrect_rratio 0.25)
      (net 13 "Net-(R7-Pad1)"))
    (model "${KISYS3DMOD}/Resistor_SMD.3dshapes/R_0603_1608Metric.wrl"
      (at (xyz 0 0 0))
      (scale (xyz 1 1 1))
      (rotate (xyz 0 0 0))
    )
  )

  (module "Package_DIP:DIP-8_W7.62mm_Socket" (layer "F.Cu") (tedit 5A02E8C5) (tstamp 5C304EC8)
    (at 101.6 91.44)
    (descr "8-lead though-hole mounted DIP package, row spacing 7.62 mm (300 mils), Socket")
    (tags "THT DIP DIL PDIP 2.54mm 7.62mm 300mil Socket")
    (path "/5BEE93F5")
    (fp_text reference "U1" (at -2.54 8.128) (layer "F.SilkS")
      (effects (font (size 1 1) (thickness 0.15)))
    )
    (fp_text value "MAX6225" (at 3.81 9.95) (layer "F.Fab")
      (effects (font (size 1 1) (thickness 0.15)))
    )
    (fp_arc (start 3.81 -1.33) (end 2.81 -1.33) (angle -180) (layer "F.SilkS") (width 0.12))
    (fp_line (start 1.635 -1.27) (end 6.985 -1.27) (layer "F.Fab") (width 0.1))
    (fp_line (start 6.985 -1.27) (end 6.985 8.89) (layer "F.Fab") (width 0.1))
    (fp_line (start 6.985 8.89) (end 0.635 8.89) (layer "F.Fab") (width 0.1))
    (fp_line (start 0.635 8.89) (end 0.635 -0.27) (layer "F.Fab") (width 0.1))
    (fp_line (start 0.635 -0.27) (end 1.635 -1.27) (layer "F.Fab") (width 0.1))
    (fp_line (start -1.27 -1.33) (end -1.27 8.95) (layer "F.Fab") (width 0.1))
    (fp_line (start -1.27 8.95) (end 8.89 8.95) (layer "F.Fab") (width 0.1))
    (fp_line (start 8.89 8.95) (end 8.89 -1.33) (layer "F.Fab") (width 0.1))
    (fp_line (start 8.89 -1.33) (end -1.27 -1.33) (layer "F.Fab") (width 0.1))
    (fp_line (start 2.81 -1.33) (end 1.16 -1.33) (layer "F.SilkS") (width 0.12))
    (fp_line (start 1.16 -1.33) (end 1.16 8.95) (layer "F.SilkS") (width 0.12))
    (fp_line (start 1.16 8.95) (end 6.46 8.95) (layer "F.SilkS") (width 0.12))
    (fp_line (start 6.46 8.95) (end 6.46 -1.33) (layer "F.SilkS") (width 0.12))
    (fp_line (start 6.46 -1.33) (end 4.81 -1.33) (layer "F.SilkS") (width 0.12))
    (fp_line (start -1.33 -1.39) (end -1.33 9.01) (layer "F.SilkS") (width 0.12))
    (fp_line (start -1.33 9.01) (end 8.95 9.01) (layer "F.SilkS") (width 0.12))
    (fp_line (start 8.95 9.01) (end 8.95 -1.39) (layer "F.SilkS") (width 0.12))
